
The command exited with code 0.
Output:
<TICKER>,<PER>,<DATE>,<TIME>,<LAST>,<VOL>
MXU6,0,20260907,065945,223750,2
MXU6,0,20260907,065945,223750,2
MXU6,0,20260907,065945,223750,2
MXU6,0,20260907,065945,223750,2
MXU6,0,20260907,065945,223750,5
MXU6,0,20260907,065945,223750,5
MXU6,0,20260907,065945,223750,1
MXU6,0,20260907,065945,223750,1
MXU6,0,20260907,065945,223750,10
MXU6,0,20260907,065945,223750,1
MXU6,0,20260907,065945,223750,1
MXU6,0,20260907,065945,223750,1
MXU6,0,20260907,065945,223750,4
MXU6,0,20260907,065945,223750,1


